{
 "cells": [
  {
   "cell_type": "code",
   "execution_count": 66,
   "id": "3fa076ee",
   "metadata": {},
   "outputs": [],
   "source": [
    "import numpy as np"
   ]
  },
  {
   "cell_type": "code",
   "execution_count": 177,
   "id": "399bf3f7",
   "metadata": {},
   "outputs": [],
   "source": [
    "lending_co_data_numeric = np.loadtxt(r\"C:\\Users\\97798\\Desktop\\manipulation of data\\1.2 Lending-company-Numeric.csv\",delimiter=',')[:8]"
   ]
  },
  {
   "cell_type": "code",
   "execution_count": 178,
   "id": "19ee3805",
   "metadata": {},
   "outputs": [
    {
     "data": {
      "text/plain": [
       "array([[ 2000.,    40.,   365.,  3121.,  4241., 13621.],\n",
       "       [ 2000.,    40.,   365.,  3061.,  4171., 15041.],\n",
       "       [ 1000.,    40.,   365.,  2160.,  3280., 15340.],\n",
       "       [ 2000.,    40.,   365.,  3041.,  4241., 15321.],\n",
       "       [ 2000.,    50.,   365.,  3470.,  4820., 13720.],\n",
       "       [ 2000.,    40.,   365.,  3201.,  4141., 14141.],\n",
       "       [ 2000.,    50.,   365.,  1851.,  3251., 17701.],\n",
       "       [ 2000.,    40.,   365.,  3971.,  4131., 15351.]])"
      ]
     },
     "execution_count": 178,
     "metadata": {},
     "output_type": "execute_result"
    }
   ],
   "source": [
    "lending_co_data_numeric"
   ]
  },
  {
   "cell_type": "code",
   "execution_count": 172,
   "id": "cc943078",
   "metadata": {},
   "outputs": [],
   "source": [
    "# # shuffling: rearranging the parts of a dataset\n",
    "\n",
    "# entire rows of data gets moved up or down the dataset"
   ]
  },
  {
   "cell_type": "code",
   "execution_count": 181,
   "id": "26d9ba18",
   "metadata": {},
   "outputs": [],
   "source": [
    "np.random.shuffle(lending_co_data_numeric)"
   ]
  },
  {
   "cell_type": "code",
   "execution_count": 182,
   "id": "49552596",
   "metadata": {},
   "outputs": [
    {
     "data": {
      "text/plain": [
       "array([[ 2000.,    40.,   365.,  3201.,  4141., 14141.],\n",
       "       [ 1000.,    40.,   365.,  2160.,  3280., 15340.],\n",
       "       [ 2000.,    40.,   365.,  3061.,  4171., 15041.],\n",
       "       [ 2000.,    40.,   365.,  3041.,  4241., 15321.],\n",
       "       [ 2000.,    40.,   365.,  3121.,  4241., 13621.],\n",
       "       [ 2000.,    50.,   365.,  1851.,  3251., 17701.],\n",
       "       [ 2000.,    50.,   365.,  3470.,  4820., 13720.],\n",
       "       [ 2000.,    40.,   365.,  3971.,  4131., 15351.]])"
      ]
     },
     "execution_count": 182,
     "metadata": {},
     "output_type": "execute_result"
    }
   ],
   "source": [
    "lending_co_data_numeric"
   ]
  },
  {
   "cell_type": "code",
   "execution_count": 183,
   "id": "9fbfc2e6",
   "metadata": {},
   "outputs": [],
   "source": [
    "np.random.shuffle(lending_co_data_numeric)"
   ]
  },
  {
   "cell_type": "code",
   "execution_count": 184,
   "id": "0a2d6bcd",
   "metadata": {},
   "outputs": [
    {
     "data": {
      "text/plain": [
       "array([[ 1000.,    40.,   365.,  2160.,  3280., 15340.],\n",
       "       [ 2000.,    50.,   365.,  1851.,  3251., 17701.],\n",
       "       [ 2000.,    40.,   365.,  3201.,  4141., 14141.],\n",
       "       [ 2000.,    40.,   365.,  3121.,  4241., 13621.],\n",
       "       [ 2000.,    40.,   365.,  3971.,  4131., 15351.],\n",
       "       [ 2000.,    50.,   365.,  3470.,  4820., 13720.],\n",
       "       [ 2000.,    40.,   365.,  3061.,  4171., 15041.],\n",
       "       [ 2000.,    40.,   365.,  3041.,  4241., 15321.]])"
      ]
     },
     "execution_count": 184,
     "metadata": {},
     "output_type": "execute_result"
    }
   ],
   "source": [
    "lending_co_data_numeric"
   ]
  },
  {
   "cell_type": "code",
   "execution_count": 185,
   "id": "af566574",
   "metadata": {},
   "outputs": [],
   "source": [
    "lending_co_data_numeric = np.loadtxt(r\"C:\\Users\\97798\\Desktop\\manipulation of data\\1.2 Lending-company-Numeric.csv\",delimiter=',')"
   ]
  },
  {
   "cell_type": "code",
   "execution_count": 186,
   "id": "fd398893",
   "metadata": {},
   "outputs": [
    {
     "data": {
      "text/plain": [
       "array([[ 2000.,    40.,   365.,  3121.,  4241., 13621.],\n",
       "       [ 2000.,    40.,   365.,  3061.,  4171., 15041.],\n",
       "       [ 1000.,    40.,   365.,  2160.,  3280., 15340.],\n",
       "       ...,\n",
       "       [ 2000.,    40.,   365.,  4201.,  5001., 16600.],\n",
       "       [ 1000.,    40.,   365.,  2080.,  3320., 15600.],\n",
       "       [ 2000.,    40.,   365.,  4601.,  4601., 16600.]])"
      ]
     },
     "execution_count": 186,
     "metadata": {},
     "output_type": "execute_result"
    }
   ],
   "source": [
    "lending_co_data_numeric"
   ]
  },
  {
   "cell_type": "code",
   "execution_count": 187,
   "id": "df9f2f29",
   "metadata": {},
   "outputs": [],
   "source": [
    "from numpy.random import shuffle"
   ]
  },
  {
   "cell_type": "code",
   "execution_count": 188,
   "id": "0d4b4324",
   "metadata": {},
   "outputs": [
    {
     "data": {
      "text/plain": [
       "array([[ 4000.,    50.,   365.,  5350.,  6500., 14400.],\n",
       "       [ 2000.,    40.,   365.,  3401.,  5851., 16600.],\n",
       "       [ 2000.,    40.,   365.,  3280.,  4400., 16290.],\n",
       "       ...,\n",
       "       [ 4000.,    50.,   365.,  5550.,  7300., 22250.],\n",
       "       [ 2000.,    50.,   365.,  4150.,  5250., 20250.],\n",
       "       [ 2000.,    40.,   365.,  3201.,  4331., 16311.]])"
      ]
     },
     "execution_count": 188,
     "metadata": {},
     "output_type": "execute_result"
    }
   ],
   "source": [
    "shuffle(lending_co_data_numeric)\n",
    "lending_co_data_numeric"
   ]
  },
  {
   "cell_type": "code",
   "execution_count": 189,
   "id": "ae7e6537",
   "metadata": {},
   "outputs": [],
   "source": [
    "# random generators: generate data, shuffle data"
   ]
  },
  {
   "cell_type": "code",
   "execution_count": 190,
   "id": "7f2242ff",
   "metadata": {},
   "outputs": [],
   "source": [
    "from numpy.random import Generator as gen\n",
    "from numpy.random import PCG64 as pcg"
   ]
  },
  {
   "cell_type": "code",
   "execution_count": 199,
   "id": "470ee91d",
   "metadata": {},
   "outputs": [
    {
     "data": {
      "text/plain": [
       "array([[ 2000.,    40.,   365.,  2991.,  4281., 16600.],\n",
       "       [ 2000.,    40.,   365.,  4701.,  6201., 14401.],\n",
       "       [ 4000.,    50.,   365.,  5750.,  7450., 22250.],\n",
       "       ...,\n",
       "       [ 2000.,    40.,   365.,  3261.,  4601., 15781.],\n",
       "       [ 1000.,    40.,   365.,  2120.,  3440., 15600.],\n",
       "       [ 2000.,    50.,   365.,  4000.,  5400., 20250.]])"
      ]
     },
     "execution_count": 199,
     "metadata": {},
     "output_type": "execute_result"
    }
   ],
   "source": [
    "array_RG = gen(pcg(seed=365))\n",
    "array_RG.shuffle(lending_co_data_numeric)\n",
    "lending_co_data_numeric"
   ]
  },
  {
   "cell_type": "code",
   "execution_count": null,
   "id": "bfa3bb83",
   "metadata": {},
   "outputs": [],
   "source": []
  }
 ],
 "metadata": {
  "kernelspec": {
   "display_name": "Python 3 (ipykernel)",
   "language": "python",
   "name": "python3"
  },
  "language_info": {
   "codemirror_mode": {
    "name": "ipython",
    "version": 3
   },
   "file_extension": ".py",
   "mimetype": "text/x-python",
   "name": "python",
   "nbconvert_exporter": "python",
   "pygments_lexer": "ipython3",
   "version": "3.9.12"
  }
 },
 "nbformat": 4,
 "nbformat_minor": 5
}
