{
 "cells": [
  {
   "cell_type": "code",
   "execution_count": 66,
   "id": "1b7f2ecb",
   "metadata": {},
   "outputs": [],
   "source": [
    "import numpy as np"
   ]
  },
  {
   "cell_type": "code",
   "execution_count": 67,
   "id": "7245fddf",
   "metadata": {},
   "outputs": [],
   "source": [
    "lending_co_data_numeric = np.loadtxt(r\"C:\\Users\\97798\\Desktop\\manipulation of data\\1.2 Lending-company-Numeric.csv\",delimiter=',')"
   ]
  },
  {
   "cell_type": "code",
   "execution_count": 108,
   "id": "65edfa58",
   "metadata": {},
   "outputs": [
    {
     "data": {
      "text/plain": [
       "array([[ 2000.,    40.,   365.,  3121.,  4241., 13621.],\n",
       "       [ 2000.,    40.,   365.,  3061.,  4171., 15041.],\n",
       "       [ 1000.,    40.,   365.,  2160.,  3280., 15340.],\n",
       "       ...,\n",
       "       [ 2000.,    40.,   365.,  4201.,  5001., 16600.],\n",
       "       [ 1000.,    40.,   365.,  2080.,  3320., 15600.],\n",
       "       [ 2000.,    40.,   365.,  4601.,  4601., 16600.]])"
      ]
     },
     "execution_count": 108,
     "metadata": {},
     "output_type": "execute_result"
    }
   ],
   "source": [
    "lending_co_data_numeric\n"
   ]
  },
  {
   "cell_type": "code",
   "execution_count": 100,
   "id": "dc3d5930",
   "metadata": {},
   "outputs": [],
   "source": [
    "# np.sort(): Takes an array and returns a sorted version (in ascending order ) by default"
   ]
  },
  {
   "cell_type": "code",
   "execution_count": 109,
   "id": "b7f9f81e",
   "metadata": {},
   "outputs": [
    {
     "data": {
      "text/plain": [
       "array([[   40.,   365.,  2000.,  3121.,  4241., 13621.],\n",
       "       [   40.,   365.,  2000.,  3061.,  4171., 15041.],\n",
       "       [   40.,   365.,  1000.,  2160.,  3280., 15340.],\n",
       "       ...,\n",
       "       [   40.,   365.,  2000.,  4201.,  5001., 16600.],\n",
       "       [   40.,   365.,  1000.,  2080.,  3320., 15600.],\n",
       "       [   40.,   365.,  2000.,  4601.,  4601., 16600.]])"
      ]
     },
     "execution_count": 109,
     "metadata": {},
     "output_type": "execute_result"
    }
   ],
   "source": [
    "# sort row wise:\n",
    "np.sort(lending_co_data_numeric)"
   ]
  },
  {
   "cell_type": "code",
   "execution_count": 110,
   "id": "c6ebd26d",
   "metadata": {},
   "outputs": [
    {
     "data": {
      "text/plain": [
       "(1043, 6)"
      ]
     },
     "execution_count": 110,
     "metadata": {},
     "output_type": "execute_result"
    }
   ],
   "source": [
    "# checking shapes : \n",
    "\n",
    "np.shape(lending_co_data_numeric)"
   ]
  },
  {
   "cell_type": "code",
   "execution_count": 113,
   "id": "38dbaea6",
   "metadata": {},
   "outputs": [
    {
     "data": {
      "text/plain": [
       "(1043, 6)"
      ]
     },
     "execution_count": 113,
     "metadata": {},
     "output_type": "execute_result"
    }
   ],
   "source": [
    "np.sort(lending_co_data_numeric).shape"
   ]
  },
  {
   "cell_type": "code",
   "execution_count": 119,
   "id": "fc116e52",
   "metadata": {},
   "outputs": [
    {
     "data": {
      "text/plain": [
       "array([[ 1000.,    35.,   365., -2870., -2870.,  -350.],\n",
       "       [ 1000.,    35.,   365., -2550., -2100.,   150.],\n",
       "       [ 1000.,    35.,   365., -2450., -2000.,  1100.],\n",
       "       ...,\n",
       "       [ 9000.,   125.,   365., 16751., 18751., 54625.],\n",
       "       [ 9000.,   165.,   365., 17650., 20001., 54625.],\n",
       "       [ 9000.,   165.,   365., 19001., 22001., 64001.]])"
      ]
     },
     "execution_count": 119,
     "metadata": {},
     "output_type": "execute_result"
    }
   ],
   "source": [
    "# sort column wise\n",
    "np.sort(lending_co_data_numeric,axis=0)"
   ]
  },
  {
   "cell_type": "code",
   "execution_count": 116,
   "id": "b59bbc42",
   "metadata": {},
   "outputs": [],
   "source": [
    "np.set_printoptions(suppress=True)"
   ]
  },
  {
   "cell_type": "code",
   "execution_count": 120,
   "id": "72400fe0",
   "metadata": {},
   "outputs": [
    {
     "data": {
      "text/plain": [
       "array([[   40.,   365.,  2000.,  3121.,  4241., 13621.],\n",
       "       [   40.,   365.,  2000.,  3061.,  4171., 15041.],\n",
       "       [   40.,   365.,  1000.,  2160.,  3280., 15340.],\n",
       "       ...,\n",
       "       [   40.,   365.,  2000.,  4201.,  5001., 16600.],\n",
       "       [   40.,   365.,  1000.,  2080.,  3320., 15600.],\n",
       "       [   40.,   365.,  2000.,  4601.,  4601., 16600.]])"
      ]
     },
     "execution_count": 120,
     "metadata": {},
     "output_type": "execute_result"
    }
   ],
   "source": [
    "# decreasing order sorting:\n",
    "np.sort(lending_co_data_numeric)\n"
   ]
  },
  {
   "cell_type": "code",
   "execution_count": 123,
   "id": "faa7a5f9",
   "metadata": {},
   "outputs": [
    {
     "data": {
      "text/plain": [
       "array([[13621.,  4241.,  3121.,  2000.,   365.,    40.],\n",
       "       [15041.,  4171.,  3061.,  2000.,   365.,    40.],\n",
       "       [15340.,  3280.,  2160.,  1000.,   365.,    40.],\n",
       "       ...,\n",
       "       [16600.,  5001.,  4201.,  2000.,   365.,    40.],\n",
       "       [15600.,  3320.,  2080.,  1000.,   365.,    40.],\n",
       "       [16600.,  4601.,  4601.,  2000.,   365.,    40.]])"
      ]
     },
     "execution_count": 123,
     "metadata": {},
     "output_type": "execute_result"
    }
   ],
   "source": [
    "# gives descending sorting\n",
    "-np.sort(-lending_co_data_numeric)"
   ]
  },
  {
   "cell_type": "code",
   "execution_count": 124,
   "id": "438446fc",
   "metadata": {},
   "outputs": [
    {
     "data": {
      "text/plain": [
       "array([[ 2000.,    40.,   365.,  3121.,  4241., 13621.],\n",
       "       [ 2000.,    40.,   365.,  3061.,  4171., 15041.],\n",
       "       [ 1000.,    40.,   365.,  2160.,  3280., 15340.],\n",
       "       ...,\n",
       "       [ 2000.,    40.,   365.,  4201.,  5001., 16600.],\n",
       "       [ 1000.,    40.,   365.,  2080.,  3320., 15600.],\n",
       "       [ 2000.,    40.,   365.,  4601.,  4601., 16600.]])"
      ]
     },
     "execution_count": 124,
     "metadata": {},
     "output_type": "execute_result"
    }
   ],
   "source": [
    "lending_co_data_numeric"
   ]
  },
  {
   "cell_type": "code",
   "execution_count": 128,
   "id": "e80328b6",
   "metadata": {},
   "outputs": [
    {
     "data": {
      "text/plain": [
       "<function ndarray.sort>"
      ]
     },
     "execution_count": 128,
     "metadata": {},
     "output_type": "execute_result"
    }
   ],
   "source": [
    "np.sort(lending_co_data_numeric[:,3]).sort"
   ]
  },
  {
   "cell_type": "code",
   "execution_count": 129,
   "id": "c8b4e250",
   "metadata": {},
   "outputs": [],
   "source": [
    "# array.sort()\n",
    "\n",
    "# 1. Takes the array variable\n",
    "# 2. Stores the array variable\n",
    "# 3. stores the sorted version over the original"
   ]
  },
  {
   "cell_type": "code",
   "execution_count": 131,
   "id": "c64669f6",
   "metadata": {},
   "outputs": [],
   "source": [
    "lending_co_data_numeric.sort(axis=0)"
   ]
  },
  {
   "cell_type": "code",
   "execution_count": 132,
   "id": "6cfd5822",
   "metadata": {},
   "outputs": [
    {
     "data": {
      "text/plain": [
       "array([[ 1000.,    35.,   365., -2870., -2870.,  -350.],\n",
       "       [ 1000.,    35.,   365., -2550., -2100.,   150.],\n",
       "       [ 1000.,    35.,   365., -2450., -2000.,  1100.],\n",
       "       ...,\n",
       "       [ 9000.,   125.,   365., 16751., 18751., 54625.],\n",
       "       [ 9000.,   165.,   365., 17650., 20001., 54625.],\n",
       "       [ 9000.,   165.,   365., 19001., 22001., 64001.]])"
      ]
     },
     "execution_count": 132,
     "metadata": {},
     "output_type": "execute_result"
    }
   ],
   "source": [
    "lending_co_data_numeric"
   ]
  },
  {
   "cell_type": "code",
   "execution_count": null,
   "id": "c5023fa7",
   "metadata": {},
   "outputs": [],
   "source": []
  }
 ],
 "metadata": {
  "kernelspec": {
   "display_name": "Python 3 (ipykernel)",
   "language": "python",
   "name": "python3"
  },
  "language_info": {
   "codemirror_mode": {
    "name": "ipython",
    "version": 3
   },
   "file_extension": ".py",
   "mimetype": "text/x-python",
   "name": "python",
   "nbconvert_exporter": "python",
   "pygments_lexer": "ipython3",
   "version": "3.9.12"
  }
 },
 "nbformat": 4,
 "nbformat_minor": 5
}
